%YAML:1.0
---
image_width: 848
image_height: 800
camera_matrix: !!opencv-matrix
   rows: 3
   cols: 3
   dt: d
   data: [ 3.1507987150325050e+02, 0., 4.2537316982145842e+02, 0.,
       3.1476364991259197e+02, 4.0197853758010524e+02, 0., 0., 1. ]
distortion_coefficients: !!opencv-matrix
   rows: 1
   cols: 5
   dt: d
   data: [ -2.6164375815851609e-01, 5.7039323937609965e-02,
       -1.4154888247378708e-03, 5.9081254774685733e-04,
       -4.9373875613185339e-03 ]
