%YAML:1.0
---
calibration_time: "Wed 13 Dec 2017 03:02:35 PM MST"
image_width: 1280
image_height: 1024
flags: 0
camera_matrix: !!opencv-matrix
   rows: 3
   cols: 3
   dt: d
   data: [ 1.3614091794896306e+03, 0., 6.3165171924617323e+02, 0.,
       1.4507546364360630e+03, 5.1968259515893612e+02, 0., 0., 1. ]
distortion_coefficients: !!opencv-matrix
   rows: 1
   cols: 5
   dt: d
   data: [ -4.1057724215027702e-01, 2.6345018246955065e-01,
       5.2104017167686940e-04, -9.1280973080438651e-04,
       -1.7882345760330129e-01 ]
avg_reprojection_error: 1.1405096621874822e+00
