%YAML:1.0
---
calibration_time: "Mon 12 Mar 2018 02:58:50 PM MDT"
image_width: 1280
image_height: 960
flags: 0
camera_matrix: !!opencv-matrix
   rows: 3
   cols: 3
   dt: d
   data: [ 1.0253572982054645e+03, 0., 5.9161578579794923e+02, 0.,
       1.0261485697746268e+03, 4.7416772890325842e+02, 0., 0., 1. ]
distortion_coefficients: !!opencv-matrix
   rows: 1
   cols: 5
   dt: d
   data: [ -4.3078101072503905e-01, 2.7587822632661740e-01,
       2.2059674641609165e-04, -1.3209581081465667e-04,
       -1.1111085330535229e-01 ]
avg_reprojection_error: 9.3735162050389942e-01
