%YAML:1.0
---
image_width: 848
image_height: 800
camera_matrix: !!opencv-matrix
   rows: 3
   cols: 3
   dt: d
   data: [ 2.9109345979186418e+02, 0., 4.1383377473339721e+02, 0.,
       2.9024189966965218e+02, 3.7976267519244817e+02, 0., 0., 1. ]
distortion_coefficients: !!opencv-matrix
   rows: 1
   cols: 5
   dt: d
   data: [ -2.2133534688892079e-01, 3.9513027589778614e-02,
       3.0138787746628736e-03, 7.9550383773371923e-04,
       -2.7805298611951021e-03 ]
