%YAML:1.0
---
image_width: 848
image_height: 800
camera_matrix: !!opencv-matrix
   rows: 3
   cols: 3
   dt: d
   data: [ 3.0312726664583533e+02, 0., 4.0737781395034852e+02, 0.,
       3.0255224655915117e+02, 3.9063572024135937e+02, 0., 0., 1. ]
distortion_coefficients: !!opencv-matrix
   rows: 1
   cols: 5
   dt: d
   data: [ -2.1607061313082443e-01, 3.5650219274786885e-02,
       2.6217100134527617e-03, 2.0046625872543792e-03,
       -2.2427889681246671e-03 ]
